Flow 1_1 -- 0 -- 325000.0 -- [(306, 1), (1, 25001), (2, 150095), (3, 275189), (137, 643)]
Flow 1_2 -- 0.0 -- 325000.0 -- [(306, 41), (1, 50001), (2, 175095), (3, 300189), (137, 683)]
Flow 1_3 -- 0.0 -- 325000.0 -- [(306, 81), (1, 75001), (2, 200095), (3, 325189), (137, 723)]
Flow 1_4 -- 0.0 -- 325000.0 -- [(306, 121), (1, 100001), (2, 225095), (3, 350189), (137, 763)]
Flow 1_5 -- 0.0 -- 325000.0 -- [(306, 161), (1, 125001), (2, 250095), (3, 375189), (137, 803)]
Flow 1_6 -- 0.0 -- 325000.0 -- [(306, 201), (1, 150001), (2, 275095), (3, 400189), (137, 843)]
Flow 1_7 -- 0.0 -- 325000.0 -- [(306, 241), (1, 175001), (2, 300095), (3, 425189), (137, 883)]
Flow 1_8 -- 0.0 -- 325000.0 -- [(306, 281), (1, 200001), (2, 325095), (3, 450189), (137, 923)]
Flow 1_9 -- 0.0 -- 325000.0 -- [(306, 321), (1, 225001), (2, 350095), (3, 475189), (137, 963)]
Flow 1_10 -- 0.0 -- 325000.0 -- [(306, 361), (1, 250001), (2, 375095), (3, 500189), (137, 1003)]
Flow 1_11 -- 0.0 -- 325000.0 -- [(306, 401), (1, 275001), (2, 400095), (3, 525189), (137, 1043)]
Flow 1_12 -- 0.0 -- 325000.0 -- [(306, 441), (1, 300001), (2, 425095), (3, 550189), (137, 1083)]
Flow 1_13 -- 0.0 -- 325000.0 -- [(306, 481), (1, 325001), (2, 450095), (3, 575189), (137, 1123)]
Flow 1_14 -- 0.0 -- 325000.0 -- [(306, 521), (1, 350001), (2, 475095), (3, 600189), (137, 1163)]
Flow 1_15 -- 0.0 -- 325000.0 -- [(306, 561), (1, 375001), (2, 500095), (3, 625189), (137, 1203)]
Flow 1_16 -- 0.0 -- 325000.0 -- [(306, 601), (1, 400001), (2, 525095), (3, 650189), (137, 1243)]
Flow 1_17 -- 0.0 -- 325000.0 -- [(306, 641), (1, 425001), (2, 550095), (3, 675189), (137, 1283)]
Flow 1_18 -- 0.0 -- 325000.0 -- [(306, 681), (1, 450001), (2, 575095), (3, 700189), (137, 1323)]
Flow 1_19 -- 0.0 -- 325000.0 -- [(306, 721), (1, 475001), (2, 600095), (3, 725189), (137, 1363)]
Flow 1_20 -- 0.0 -- 325000.0 -- [(306, 761), (1, 500001), (2, 625095), (3, 750189), (137, 1403)]
Flow 1_21 -- 0.0 -- 325000.0 -- [(306, 801), (1, 525001), (2, 650095), (3, 775189), (137, 1443)]
Flow 1_22 -- 0.0 -- 325000.0 -- [(306, 841), (1, 550001), (2, 675095), (3, 800189), (137, 1483)]
Flow 1_23 -- 0.0 -- 325000.0 -- [(306, 881), (1, 575001), (2, 700095), (3, 825189), (137, 1523)]
Flow 1_24 -- 0.0 -- 325000.0 -- [(306, 921), (1, 600001), (2, 725095), (3, 850189), (137, 1563)]
Flow 1_25 -- 0.0 -- 325000.0 -- [(306, 961), (1, 625001), (2, 750095), (3, 875189), (137, 1603)]
Flow 1_26 -- 0.0 -- 325000.0 -- [(306, 1001), (1, 650001), (2, 775095), (3, 900189), (137, 1643)]
Flow 1_27 -- 0.0 -- 325000.0 -- [(306, 1041), (1, 675001), (2, 800095), (3, 925189), (137, 1683)]
Flow 1_28 -- 0.0 -- 325000.0 -- [(306, 1081), (1, 700001), (2, 825095), (3, 950189), (137, 1723)]
Flow 1_29 -- 0.0 -- 325000.0 -- [(306, 1121), (1, 725001), (2, 850095), (3, 975189), (137, 1763)]
Flow 1_30 -- 0.0 -- 325000.0 -- [(306, 1161), (1, 750001), (2, 875095), (3, 1000189), (137, 1803)]
Flow 1_31 -- 0.0 -- 325000.0 -- [(306, 1201), (1, 775001), (2, 900095), (3, 1025189), (137, 1843)]
Flow 1_32 -- 0.0 -- 325000.0 -- [(306, 1241), (1, 800001), (2, 925095), (3, 1050189), (137, 1883)]
Flow 1_33 -- 0.0 -- 325000.0 -- [(306, 1281), (1, 825001), (2, 950095), (3, 1075189), (137, 1923)]
Flow 1_34 -- 0.0 -- 325000.0 -- [(306, 1321), (1, 850001), (2, 975095), (3, 1100189), (137, 1963)]
Flow 1_35 -- 0.0 -- 325000.0 -- [(306, 1361), (1, 875001), (2, 1000095), (3, 1125189), (137, 2003)]
Flow 1_36 -- 0.0 -- 325000.0 -- [(306, 1401), (1, 900001), (2, 1025095), (3, 1150189), (137, 2043)]
Flow 1_37 -- 0.0 -- 325000.0 -- [(306, 1441), (1, 925001), (2, 1050095), (3, 1175189), (137, 2083)]
Flow 1_38 -- 0.0 -- 325000.0 -- [(306, 1481), (1, 950001), (2, 1075095), (3, 1200189), (137, 2123)]
Flow 1_39 -- 0.0 -- 325000.0 -- [(306, 1521), (1, 975001), (2, 1100095), (3, 1225189), (137, 2163)]
Flow 1_40 -- 0.0 -- 325000.0 -- [(306, 1561), (1, 1000001), (2, 1125095), (3, 1250189), (137, 2203)]
Flow 1_41 -- 0.0 -- 325000.0 -- [(306, 1601), (1, 1025001), (2, 1150095), (3, 1275189), (137, 2243)]
Flow 1_42 -- 0.0 -- 325000.0 -- [(306, 1641), (1, 1050001), (2, 1175095), (3, 1300189), (137, 2283)]
Flow 1_43 -- 0.0 -- 325000.0 -- [(306, 1681), (1, 1075001), (2, 1200095), (3, 1325189), (137, 2323)]
Flow 1_44 -- 0.0 -- 325000.0 -- [(306, 1721), (1, 1100001), (2, 1225095), (3, 1350189), (137, 2363)]
Flow 1_45 -- 0.0 -- 325000.0 -- [(306, 1761), (1, 1125001), (2, 1250095), (3, 1375189), (137, 2403)]
Flow 1_46 -- 0.0 -- 325000.0 -- [(306, 1801), (1, 1150001), (2, 1275095), (3, 1400189), (137, 2443)]
Flow 1_47 -- 0.0 -- 325000.0 -- [(306, 1841), (1, 1175001), (2, 1300095), (3, 1425189), (137, 2483)]
Flow 1_48 -- 0.0 -- 325000.0 -- [(306, 1881), (1, 1200001), (2, 1325095), (3, 1450189), (137, 2523)]
Flow 1_49 -- 0.0 -- 325000.0 -- [(306, 1921), (1, 1225001), (2, 1350095), (3, 1475189), (137, 2563)]
Flow 1_50 -- 0.0 -- 325000.0 -- [(306, 1961), (1, 1250001), (2, 1375095), (3, 1500189), (137, 2603)]
Flow 1_51 -- 0.0 -- 325000.0 -- [(306, 2001), (1, 1275001), (2, 1400095), (3, 1525189), (137, 2643)]
Flow 1_52 -- 0.0 -- 325000.0 -- [(306, 2041), (1, 1300001), (2, 1425095), (3, 1550189), (137, 2683)]
Flow 1_53 -- 0.0 -- 325000.0 -- [(306, 2081), (1, 1325001), (2, 1450095), (3, 1575189), (137, 2723)]
Flow 1_54 -- 0.0 -- 325000.0 -- [(306, 2121), (1, 1350001), (2, 1475095), (3, 1600189), (137, 2763)]
Flow 1_55 -- 0.0 -- 325000.0 -- [(306, 2161), (1, 1375001), (2, 1500095), (3, 1625189), (137, 2803)]
Flow 1_56 -- 0.0 -- 325000.0 -- [(306, 2201), (1, 1400001), (2, 1525095), (3, 1650189), (137, 2843)]
Flow 1_57 -- 0.0 -- 325000.0 -- [(306, 2241), (1, 1425001), (2, 1550095), (3, 1675189), (137, 2883)]
Flow 1_58 -- 0.0 -- 325000.0 -- [(306, 2281), (1, 1450001), (2, 1575095), (3, 1700189), (137, 2923)]
Flow 1_59 -- 0.0 -- 325000.0 -- [(306, 2321), (1, 1475001), (2, 1600095), (3, 1725189), (137, 2963)]
Flow 1_60 -- 0.0 -- 325000.0 -- [(306, 2361), (1, 1500001), (2, 1625095), (3, 1750189), (137, 3003)]
Flow 1_61 -- 0.0 -- 325000.0 -- [(306, 2401), (1, 1525001), (2, 1650095), (3, 1775189), (137, 3043)]
Flow 1_62 -- 0.0 -- 325000.0 -- [(306, 2441), (1, 1550001), (2, 1675095), (3, 1800189), (137, 3083)]
Flow 1_63 -- 0.0 -- 325000.0 -- [(306, 2481), (1, 1575001), (2, 1700095), (3, 1825189), (137, 3123)]
Flow 1_64 -- 0.0 -- 325000.0 -- [(306, 2521), (1, 1600001), (2, 1725095), (3, 1850189), (137, 3163)]
Flow 1_65 -- 0.0 -- 325000.0 -- [(306, 2561), (1, 1625001), (2, 1750095), (3, 1875189), (137, 3203)]
Flow 1_66 -- 0.0 -- 325000.0 -- [(306, 2601), (1, 1650001), (2, 1775095), (3, 1900189), (137, 3243)]
Flow 1_67 -- 0.0 -- 325000.0 -- [(306, 2641), (1, 1675001), (2, 1800095), (3, 1925189), (137, 3283)]
Flow 1_68 -- 0.0 -- 325000.0 -- [(306, 2681), (1, 1700001), (2, 1825095), (3, 1950189), (137, 3323)]
Flow 1_69 -- 0.0 -- 325000.0 -- [(306, 2721), (1, 1725001), (2, 1850095), (3, 1975189), (137, 3363)]
Flow 1_70 -- 0.0 -- 325000.0 -- [(306, 2761), (1, 1750001), (2, 1875095), (3, 2000189), (137, 3403)]
Flow 1_71 -- 0.0 -- 325000.0 -- [(306, 2801), (1, 1775001), (2, 1900095), (3, 2025189), (137, 3443)]
Flow 1_72 -- 0.0 -- 325000.0 -- [(306, 2841), (1, 1800001), (2, 1925095), (3, 2050189), (137, 3483)]
Flow 1_73 -- 0.0 -- 325000.0 -- [(306, 2881), (1, 1825001), (2, 1950095), (3, 2075189), (137, 3523)]
Flow 1_74 -- 0.0 -- 325000.0 -- [(306, 2921), (1, 1850001), (2, 1975095), (3, 2100189), (137, 3563)]
Flow 1_75 -- 0.0 -- 325000.0 -- [(306, 2961), (1, 1875001), (2, 2000095), (3, 2125189), (137, 3603)]
Flow 1_76 -- 0.0 -- 325000.0 -- [(306, 3001), (1, 1900001), (2, 2025095), (3, 2150189), (137, 3643)]
Flow 1_77 -- 0.0 -- 325000.0 -- [(306, 3041), (1, 1925001), (2, 2050095), (3, 2175189), (137, 3683)]
Flow 1_78 -- 0.0 -- 325000.0 -- [(306, 3081), (1, 1950001), (2, 2075095), (3, 2200189), (137, 3723)]
Flow 1_79 -- 0.0 -- 325000.0 -- [(306, 3121), (1, 1975001), (2, 2100095), (3, 2225189), (137, 3763)]
Flow 1_80 -- 0.0 -- 325000.0 -- [(306, 3161), (1, 2000001), (2, 2125095), (3, 2250189), (137, 3803)]
Flow 1_81 -- 0.0 -- 325000.0 -- [(306, 3201), (1, 2025001), (2, 2150095), (3, 2275189), (137, 3843)]
Flow 1_82 -- 0.0 -- 325000.0 -- [(306, 3241), (1, 2050001), (2, 2175095), (3, 2300189), (137, 3883)]
Flow 1_83 -- 0.0 -- 325000.0 -- [(306, 3281), (1, 2075001), (2, 2200095), (3, 2325189), (137, 3923)]
Flow 1_84 -- 0.0 -- 325000.0 -- [(306, 3321), (1, 2100001), (2, 2225095), (3, 2350189), (137, 3963)]
Flow 1_85 -- 0.0 -- 325000.0 -- [(306, 3361), (1, 2125001), (2, 2250095), (3, 2375189), (137, 4003)]
Flow 1_86 -- 0.0 -- 325000.0 -- [(306, 3401), (1, 2150001), (2, 2275095), (3, 2400189), (137, 4043)]
Flow 1_87 -- 0.0 -- 325000.0 -- [(306, 3441), (1, 2175001), (2, 2300095), (3, 2425189), (137, 4083)]
Flow 1_88 -- 0.0 -- 325000.0 -- [(306, 3481), (1, 2200001), (2, 2325095), (3, 2450189), (137, 4123)]
Flow 1_89 -- 0.0 -- 325000.0 -- [(306, 3521), (1, 2225001), (2, 2350095), (3, 2475189), (137, 4163)]
Flow 1_90 -- 0.0 -- 325000.0 -- [(306, 3561), (1, 2250001), (2, 2375095), (3, 2500189), (137, 4203)]
Flow 1_91 -- 0.0 -- 325000.0 -- [(306, 3601), (1, 2275001), (2, 2400095), (3, 2525189), (137, 4243)]
Flow 1_92 -- 0.0 -- 325000.0 -- [(306, 3641), (1, 2300001), (2, 2425095), (3, 2550189), (137, 4283)]
Flow 1_93 -- 0.0 -- 325000.0 -- [(306, 3681), (1, 2325001), (2, 2450095), (3, 2575189), (137, 4323)]
Flow 1_94 -- 0.0 -- 325000.0 -- [(306, 3721), (1, 2350001), (2, 2475095), (3, 2600189), (137, 4363)]
Flow 1_95 -- 0.0 -- 325000.0 -- [(306, 3761), (1, 2375001), (2, 2500095), (3, 2625190), (137, 4403)]
Flow 1_96 -- 0.0 -- 325000.0 -- [(306, 3801), (1, 2400001), (2, 2525095), (3, 2650190), (137, 4443)]
Flow 1_97 -- 0.0 -- 325000.0 -- [(306, 3841), (1, 2425001), (2, 2550095), (3, 2675190), (137, 4483)]
Flow 1_98 -- 0.0 -- 325000.0 -- [(306, 3881), (1, 2450001), (2, 2575095), (3, 2700190), (137, 4523)]
Flow 1_99 -- 0.0 -- 325000.0 -- [(306, 3921), (1, 2475001), (2, 2600095), (3, 2725190), (137, 4563)]
Flow 1_100 -- 0.0 -- 325000.0 -- [(306, 3961), (1, 2500001), (2, 2625095), (3, 2750190), (137, 4603)]
Flow 1_101 -- 0.0 -- 325000.0 -- [(306, 4001), (1, 2525001), (2, 2650095), (3, 2775190), (137, 4643)]
Flow 1_102 -- 0.0 -- 325000.0 -- [(306, 4041), (1, 2550001), (2, 2675095), (3, 2800190), (137, 4683)]
Flow 1_103 -- 0.0 -- 325000.0 -- [(306, 4081), (1, 2575001), (2, 2700095), (3, 2825190), (137, 4723)]
Flow 1_104 -- 0.0 -- 325000.0 -- [(306, 4121), (1, 2600001), (2, 2725095), (3, 2850190), (137, 4763)]
Flow 1_105 -- 0.0 -- 325000.0 -- [(306, 4161), (1, 2625001), (2, 2750095), (3, 2875190), (137, 4803)]
Flow 1_106 -- 0.0 -- 325000.0 -- [(306, 4201), (1, 2650001), (2, 2775095), (3, 2900190), (137, 4843)]
Flow 1_107 -- 0.0 -- 325000.0 -- [(306, 4241), (1, 2675001), (2, 2800095), (3, 2925190), (137, 4883)]
Flow 1_108 -- 0.0 -- 325000.0 -- [(306, 4281), (1, 2700001), (2, 2825095), (3, 2950190), (137, 4923)]
Flow 1_109 -- 0.0 -- 325000.0 -- [(306, 4321), (1, 2725001), (2, 2850095), (3, 2975190), (137, 4963)]
Flow 1_110 -- 0.0 -- 325000.0 -- [(306, 4361), (1, 2750001), (2, 2875095), (3, 3000190), (137, 5003)]
Flow 1_111 -- 0.0 -- 325000.0 -- [(306, 4401), (1, 2775001), (2, 2900095), (3, 3025190), (137, 5043)]
Flow 1_112 -- 0.0 -- 325000.0 -- [(306, 4441), (1, 2800001), (2, 2925095), (3, 3050190), (137, 5083)]
Flow 1_113 -- 0.0 -- 325000.0 -- [(306, 4481), (1, 2825001), (2, 2950095), (3, 3075190), (137, 5123)]
Flow 1_114 -- 0.0 -- 325000.0 -- [(306, 4521), (1, 2850001), (2, 2975095), (3, 3100190), (137, 5163)]
Flow 1_115 -- 0.0 -- 325000.0 -- [(306, 4561), (1, 2875001), (2, 3000095), (3, 3125190), (137, 5203)]
Flow 1_116 -- 0.0 -- 325000.0 -- [(306, 4601), (1, 2900001), (2, 3025095), (3, 3150190), (137, 5243)]
Flow 1_117 -- 0.0 -- 325000.0 -- [(306, 4641), (1, 2925001), (2, 3050095), (3, 3175190), (137, 5283)]
Flow 1_118 -- 0.0 -- 325000.0 -- [(306, 4681), (1, 2950001), (2, 3075095), (3, 3200190), (137, 5323)]
Flow 1_119 -- 0.0 -- 325000.0 -- [(306, 4721), (1, 2975001), (2, 3100095), (3, 3225190), (137, 5363)]
Flow 1_120 -- 0.0 -- 325000.0 -- [(306, 4761), (1, 3000001), (2, 3125095), (3, 3250190), (137, 5403)]
Flow 1_121 -- 0.0 -- 325000.0 -- [(306, 4801), (1, 3025001), (2, 3150095), (3, 3275190), (137, 5443)]
Flow 1_122 -- 0.0 -- 325000.0 -- [(306, 4841), (1, 3050001), (2, 3175095), (3, 3300190), (137, 5483)]
Flow 1_123 -- 0.0 -- 325000.0 -- [(306, 4881), (1, 3075001), (2, 3200095), (3, 3325190), (137, 5523)]
Flow 1_124 -- 0.0 -- 325000.0 -- [(306, 4921), (1, 3100001), (2, 3225095), (3, 3350190), (137, 5563)]
Flow 1_125 -- 0.0 -- 325000.0 -- [(306, 4961), (1, 3125001), (2, 3250095), (3, 3375190), (137, 5603)]
Flow 1_126 -- 0.0 -- 325000.0 -- [(306, 5001), (1, 3150001), (2, 3275095), (3, 3400190), (137, 5643)]
Flow 1_127 -- 0.0 -- 325000.0 -- [(306, 5041), (1, 3175001), (2, 3300095), (3, 3425190), (137, 5683)]
Flow 1_128 -- 0.0 -- 325000.0 -- [(306, 5081), (1, 3200001), (2, 3325095), (3, 3450190), (137, 5723)]
Flow 1_129 -- 0.0 -- 325000.0 -- [(306, 5121), (1, 3225001), (2, 3350095), (3, 3475190), (137, 5763)]
Flow 1_130 -- 0.0 -- 325000.0 -- [(306, 5161), (1, 3250001), (2, 3375095), (3, 3500190), (137, 5803)]
Flow 1_131 -- 0.0 -- 325000.0 -- [(306, 5201), (1, 3275001), (2, 3400095), (3, 3525190), (137, 5843)]
Flow 1_132 -- 0.0 -- 325000.0 -- [(306, 5241), (1, 3300001), (2, 3425095), (3, 3550190), (137, 5883)]
Flow 1_133 -- 0.0 -- 325000.0 -- [(306, 5281), (1, 3325001), (2, 3450095), (3, 3575190), (137, 5923)]
Flow 1_134 -- 0.0 -- 325000.0 -- [(306, 5321), (1, 3350001), (2, 3475095), (3, 3600190), (137, 5963)]
Flow 1_135 -- 0.0 -- 325000.0 -- [(306, 5361), (1, 3375001), (2, 3500095), (3, 3625190), (137, 6003)]
Flow 1_136 -- 0.0 -- 325000.0 -- [(306, 5401), (1, 3400001), (2, 3525095), (3, 3650190), (137, 6043)]
Flow 1_137 -- 0.0 -- 325000.0 -- [(306, 5441), (1, 3425001), (2, 3550095), (3, 3675190), (137, 6083)]
Flow 1_138 -- 0.0 -- 325000.0 -- [(306, 5481), (1, 3450001), (2, 3575095), (3, 3700190), (137, 6123)]
Flow 1_139 -- 0.0 -- 325000.0 -- [(306, 5521), (1, 3475001), (2, 3600095), (3, 3725190), (137, 6163)]
Flow 1_140 -- 0.0 -- 325000.0 -- [(306, 5561), (1, 3500001), (2, 3625095), (3, 3750190), (137, 6203)]
Flow 1_141 -- 0.0 -- 325000.0 -- [(306, 5601), (1, 3525001), (2, 3650095), (3, 3775190), (137, 6243)]
Flow 1_142 -- 0.0 -- 325000.0 -- [(306, 5641), (1, 3550001), (2, 3675095), (3, 3800190), (137, 6283)]
Flow 1_143 -- 0.0 -- 325000.0 -- [(306, 5681), (1, 3575001), (2, 3700095), (3, 3825190), (137, 6323)]
Flow 1_144 -- 0.0 -- 325000.0 -- [(306, 5721), (1, 3600001), (2, 3725095), (3, 3850190), (137, 6363)]
Flow 1_145 -- 0.0 -- 325000.0 -- [(306, 5761), (1, 3625001), (2, 3750095), (3, 3875190), (137, 6403)]
Flow 1_146 -- 0.0 -- 325000.0 -- [(306, 5801), (1, 3650001), (2, 3775095), (3, 3900190), (137, 6443)]
Flow 1_147 -- 0.0 -- 325000.0 -- [(306, 5841), (1, 3675001), (2, 3800095), (3, 3925190), (137, 6483)]
Flow 1_148 -- 0.0 -- 325000.0 -- [(306, 5881), (1, 3700001), (2, 3825095), (3, 3950190), (137, 6523)]
Flow 1_149 -- 0.0 -- 325000.0 -- [(306, 5921), (1, 3725001), (2, 3850095), (3, 3975190), (137, 6563)]
Flow 1_150 -- 0.0 -- 325000.0 -- [(306, 5961), (1, 3750001), (2, 3875095), (3, 4000190), (137, 6603)]
Flow 1_151 -- 0.0 -- 325000.0 -- [(306, 6001), (1, 3775001), (2, 3900095), (3, 4025190), (137, 6643)]
Flow 1_152 -- 0.0 -- 325000.0 -- [(306, 6041), (1, 3800001), (2, 3925095), (3, 4050190), (137, 6683)]
Flow 1_153 -- 0.0 -- 325000.0 -- [(306, 6081), (1, 3825001), (2, 3950095), (3, 4075190), (137, 6723)]
Flow 1_154 -- 0.0 -- 325000.0 -- [(306, 6121), (1, 3850001), (2, 3975095), (3, 4100190), (137, 6763)]
Flow 1_155 -- 0.0 -- 325000.0 -- [(306, 6161), (1, 3875001), (2, 4000095), (3, 4125190), (137, 6803)]
Flow 1_156 -- 0.0 -- 325000.0 -- [(306, 6201), (1, 3900001), (2, 4025095), (3, 4150190), (137, 6843)]
Flow 1_157 -- 0.0 -- 325000.0 -- [(306, 6241), (1, 3925001), (2, 4050095), (3, 4175190), (137, 6883)]
Flow 1_158 -- 0.0 -- 325000.0 -- [(306, 6281), (1, 3950001), (2, 4075095), (3, 4200189), (137, 6923)]
Flow 1_159 -- 0.0 -- 325000.0 -- [(306, 6321), (1, 3975001), (2, 4100095), (3, 4225189), (137, 6963)]
Flow 1_160 -- 0.0 -- 325000.0 -- [(306, 6361), (1, 4000001), (2, 4125095), (3, 4250189), (137, 7003)]
Flow 1_161 -- 0.0 -- 325000.0 -- [(306, 6401), (1, 4025001), (2, 4150095), (3, 4275189), (137, 7043)]
Flow 1_162 -- 0.0 -- 325000.0 -- [(306, 6441), (1, 4050001), (2, 4175095), (3, 4300189), (137, 7083)]
Flow 1_163 -- 0.0 -- 325000.0 -- [(306, 6481), (1, 4075001), (2, 4200095), (3, 4325189), (137, 7123)]
Flow 1_164 -- 0.0 -- 325000.0 -- [(306, 6521), (1, 4100001), (2, 4225095), (3, 4350189), (137, 7163)]
Flow 1_165 -- 0.0 -- 325000.0 -- [(306, 6561), (1, 4125001), (2, 4250095), (3, 4375189), (137, 7203)]
Flow 1_166 -- 0.0 -- 325000.0 -- [(306, 6601), (1, 4150001), (2, 4275095), (3, 4400189), (137, 7243)]
Flow 1_167 -- 0.0 -- 325000.0 -- [(306, 6641), (1, 4175001), (2, 4300095), (3, 4425189), (137, 7283)]
Flow 1_168 -- 0.0 -- 325000.0 -- [(306, 6681), (1, 4200001), (2, 4325095), (3, 4450189), (137, 7323)]
Flow 1_169 -- 0.0 -- 325000.0 -- [(306, 6721), (1, 4225001), (2, 4350095), (3, 4475189), (137, 7363)]
Flow 1_170 -- 0.0 -- 325000.0 -- [(306, 6761), (1, 4250001), (2, 4375095), (3, 4500189), (137, 7403)]
Flow 1_171 -- 0.0 -- 325000.0 -- [(306, 6801), (1, 4275001), (2, 4400095), (3, 4525189), (137, 7443)]
Flow 1_172 -- 0.0 -- 325000.0 -- [(306, 6841), (1, 4300001), (2, 4425095), (3, 4550189), (137, 7483)]
Flow 1_173 -- 0.0 -- 325000.0 -- [(306, 6881), (1, 4325001), (2, 4450095), (3, 4575189), (137, 7523)]
Flow 1_174 -- 0.0 -- 325000.0 -- [(306, 6921), (1, 4350001), (2, 4475095), (3, 4600189), (137, 7563)]
Flow 1_175 -- 0.0 -- 325000.0 -- [(306, 6961), (1, 4375001), (2, 4500095), (3, 4625189), (137, 7603)]
Flow 1_176 -- 0.0 -- 325000.0 -- [(306, 7001), (1, 4400001), (2, 4525095), (3, 4650189), (137, 7643)]
Flow 1_177 -- 0.0 -- 325000.0 -- [(306, 7041), (1, 4425001), (2, 4550095), (3, 4675189), (137, 7683)]
Flow 1_178 -- 0.0 -- 325000.0 -- [(306, 7081), (1, 4450001), (2, 4575095), (3, 4700189), (137, 7723)]
Flow 1_179 -- 0.0 -- 325000.0 -- [(306, 7121), (1, 4475001), (2, 4600095), (3, 4725189), (137, 7763)]
Flow 1_180 -- 0.0 -- 325000.0 -- [(306, 7161), (1, 4500001), (2, 4625095), (3, 4750189), (137, 7803)]
Flow 1_181 -- 0.0 -- 325000.0 -- [(306, 7201), (1, 4525001), (2, 4650095), (3, 4775189), (137, 7843)]
Flow 1_182 -- 0.0 -- 325000.0 -- [(306, 7241), (1, 4550001), (2, 4675095), (3, 4800189), (137, 7883)]
Flow 1_183 -- 0.0 -- 325000.0 -- [(306, 7281), (1, 4575001), (2, 4700095), (3, 4825189), (137, 7923)]
Flow 1_184 -- 0.0 -- 325000.0 -- [(306, 7321), (1, 4600001), (2, 4725095), (3, 4850189), (137, 7963)]
Flow 1_185 -- 0.0 -- 325000.0 -- [(306, 7361), (1, 4625001), (2, 4750095), (3, 4875189), (137, 8003)]
Flow 1_186 -- 0.0 -- 325000.0 -- [(306, 7401), (1, 4650001), (2, 4775095), (3, 4900189), (137, 8043)]
Flow 1_187 -- 0.0 -- 325000.0 -- [(306, 7441), (1, 4675001), (2, 4800095), (3, 4925189), (137, 8083)]
Flow 1_188 -- 0.0 -- 325000.0 -- [(306, 7481), (1, 4700001), (2, 4825095), (3, 4950189), (137, 8123)]
Flow 1_189 -- 0.0 -- 325000.0 -- [(306, 7521), (1, 4725001), (2, 4850095), (3, 4975189), (137, 8163)]
Flow 1_190 -- 0.0 -- 325000.0 -- [(306, 7561), (1, 4750001), (2, 4875095), (3, 5000189), (137, 8203)]
Flow 1_191 -- 0.0 -- 325000.0 -- [(306, 7601), (1, 4775001), (2, 4900095), (3, 5025189), (137, 8243)]
Flow 1_192 -- 0.0 -- 325000.0 -- [(306, 7641), (1, 4800001), (2, 4925095), (3, 5050189), (137, 8283)]
Flow 1_193 -- 0.0 -- 325000.0 -- [(306, 7681), (1, 4825001), (2, 4950095), (3, 5075189), (137, 8323)]
Flow 1_194 -- 0.0 -- 325000.0 -- [(306, 7721), (1, 4850001), (2, 4975095), (3, 5100189), (137, 8363)]
Flow 1_195 -- 0.0 -- 325000.0 -- [(306, 7761), (1, 4875001), (2, 5000095), (3, 5125189), (137, 8403)]
Flow 1_196 -- 0.0 -- 325000.0 -- [(306, 7801), (1, 4900001), (2, 5025095), (3, 5150189), (137, 8443)]
Flow 1_197 -- 0.0 -- 325000.0 -- [(306, 7841), (1, 4925001), (2, 5050095), (3, 5175189), (137, 8483)]
Flow 1_198 -- 0.0 -- 325000.0 -- [(306, 7881), (1, 4950001), (2, 5075095), (3, 5200189), (137, 8523)]
Flow 1_199 -- 0.0 -- 325000.0 -- [(306, 7921), (1, 4975001), (2, 5100095), (3, 5225189), (137, 8563)]
Flow 1_200 -- 0.0 -- 325000.0 -- [(306, 7961), (1, 5000001), (2, 5125095), (3, 5250189), (137, 8603)]
Flow 1_201 -- 0.0 -- 325000.0 -- [(306, 8001), (1, 5025001), (2, 5150095), (3, 5275189), (137, 8643)]
Flow 1_202 -- 0.0 -- 325000.0 -- [(306, 8041), (1, 5050001), (2, 5175095), (3, 5300189), (137, 8683)]
Flow 1_203 -- 0.0 -- 325000.0 -- [(306, 8081), (1, 5075001), (2, 5200095), (3, 5325189), (137, 8723)]
Flow 1_204 -- 0.0 -- 325000.0 -- [(306, 8121), (1, 5100001), (2, 5225095), (3, 5350189), (137, 8763)]
Flow 1_205 -- 0.0 -- 325000.0 -- [(306, 8161), (1, 5125001), (2, 5250095), (3, 5375189), (137, 8803)]
Flow 1_206 -- 0.0 -- 325000.0 -- [(306, 8201), (1, 5150001), (2, 5275095), (3, 5400189), (137, 8843)]
Flow 1_207 -- 0.0 -- 325000.0 -- [(306, 8241), (1, 5175001), (2, 5300095), (3, 5425189), (137, 8883)]
Flow 1_208 -- 0.0 -- 325000.0 -- [(306, 8281), (1, 5200001), (2, 5325095), (3, 5450189), (137, 8923)]
Flow 1_209 -- 0.0 -- 325000.0 -- [(306, 8321), (1, 5225001), (2, 5350095), (3, 5475189), (137, 8963)]
Flow 1_210 -- 0.0 -- 325000.0 -- [(306, 8361), (1, 5250001), (2, 5375095), (3, 5500189), (137, 9003)]
Flow 1_211 -- 0.0 -- 325000.0 -- [(306, 8401), (1, 5275001), (2, 5400095), (3, 5525189), (137, 9043)]
Flow 1_212 -- 0.0 -- 325000.0 -- [(306, 8441), (1, 5300001), (2, 5425095), (3, 5550189), (137, 9083)]
Flow 1_213 -- 0.0 -- 325000.0 -- [(306, 8481), (1, 5325001), (2, 5450095), (3, 5575189), (137, 9123)]
Flow 1_214 -- 0.0 -- 325000.0 -- [(306, 8521), (1, 5350001), (2, 5475095), (3, 5600189), (137, 9163)]
Flow 1_215 -- 0.0 -- 325000.0 -- [(306, 8561), (1, 5375001), (2, 5500095), (3, 5625189), (137, 9203)]
Flow 1_216 -- 0.0 -- 325000.0 -- [(306, 8601), (1, 5400001), (2, 5525095), (3, 5650189), (137, 9243)]
Flow 1_217 -- 0.0 -- 325000.0 -- [(306, 8641), (1, 5425001), (2, 5550095), (3, 5675189), (137, 9283)]
Flow 1_218 -- 0.0 -- 325000.0 -- [(306, 8681), (1, 5450001), (2, 5575095), (3, 5700189), (137, 9323)]
Flow 1_219 -- 0.0 -- 325000.0 -- [(306, 8721), (1, 5475001), (2, 5600095), (3, 5725189), (137, 9363)]
Flow 1_220 -- 0.0 -- 325000.0 -- [(306, 8761), (1, 5500001), (2, 5625095), (3, 5750189), (137, 9403)]
Flow 1_221 -- 0.0 -- 325000.0 -- [(306, 8801), (1, 5525001), (2, 5650095), (3, 5775189), (137, 9443)]
Flow 1_222 -- 0.0 -- 325000.0 -- [(306, 8841), (1, 5550001), (2, 5675095), (3, 5800189), (137, 9483)]
Flow 1_223 -- 0.0 -- 325000.0 -- [(306, 8881), (1, 5575001), (2, 5700095), (3, 5825189), (137, 9523)]
Flow 1_224 -- 0.0 -- 325000.0 -- [(306, 8921), (1, 5600001), (2, 5725095), (3, 5850189), (137, 9563)]
Flow 1_225 -- 0.0 -- 325000.0 -- [(306, 8961), (1, 5625001), (2, 5750095), (3, 5875189), (137, 9603)]
Flow 1_226 -- 0.0 -- 325000.0 -- [(306, 9001), (1, 5650001), (2, 5775095), (3, 5900189), (137, 9643)]
Flow 1_227 -- 0.0 -- 325000.0 -- [(306, 9041), (1, 5675001), (2, 5800095), (3, 5925189), (137, 9683)]
Flow 1_228 -- 0.0 -- 325000.0 -- [(306, 9081), (1, 5700001), (2, 5825095), (3, 5950189), (137, 9723)]
Flow 1_229 -- 0.0 -- 325000.0 -- [(306, 9121), (1, 5725001), (2, 5850095), (3, 5975189), (137, 9763)]
Flow 1_230 -- 0.0 -- 325000.0 -- [(306, 9161), (1, 5750001), (2, 5875095), (3, 6000189), (137, 9803)]
Flow 1_231 -- 0.0 -- 325000.0 -- [(306, 9201), (1, 5775001), (2, 5900095), (3, 6025189), (137, 9843)]
Flow 1_232 -- 0.0 -- 325000.0 -- [(306, 9241), (1, 5800001), (2, 5925095), (3, 6050189), (137, 9883)]
Flow 1_233 -- 0.0 -- 325000.0 -- [(306, 9281), (1, 5825001), (2, 5950095), (3, 6075189), (137, 9923)]
Flow 1_234 -- 0.0 -- 325000.0 -- [(306, 9321), (1, 5850001), (2, 5975095), (3, 6100189), (137, 9963)]
Flow 1_235 -- 0.0 -- 325000.0 -- [(306, 9361), (1, 5875001), (2, 6000095), (3, 6125189), (137, 10003)]
Flow 1_236 -- 0.0 -- 325000.0 -- [(306, 9401), (1, 5900001), (2, 6025095), (3, 6150189), (137, 10043)]
Flow 1_237 -- 0.0 -- 325000.0 -- [(306, 9441), (1, 5925001), (2, 6050095), (3, 6175189), (137, 10083)]
Flow 1_238 -- 0.0 -- 325000.0 -- [(306, 9481), (1, 5950001), (2, 6075095), (3, 6200189), (137, 10123)]
Flow 1_239 -- 0.0 -- 325000.0 -- [(306, 9521), (1, 5975001), (2, 6100095), (3, 6225189), (137, 10163)]
Flow 1_240 -- 0.0 -- 325000.0 -- [(306, 9561), (1, 6000001), (2, 6125095), (3, 6250189), (137, 10203)]
Flow 1_241 -- 0.0 -- 325000.0 -- [(306, 9601), (1, 6025001), (2, 6150095), (3, 6275189), (137, 10243)]
Flow 1_242 -- 0.0 -- 325000.0 -- [(306, 9641), (1, 6050001), (2, 6175095), (3, 6300189), (137, 10283)]
Flow 1_243 -- 0.0 -- 325000.0 -- [(306, 9681), (1, 6075001), (2, 6200095), (3, 6325189), (137, 10323)]
Flow 1_244 -- 0.0 -- 325000.0 -- [(306, 9721), (1, 6100001), (2, 6225095), (3, 6350189), (137, 10363)]
Flow 1_245 -- 0.0 -- 325000.0 -- [(306, 9761), (1, 6125001), (2, 6250095), (3, 6375189), (137, 10403)]
Flow 1_246 -- 0.0 -- 325000.0 -- [(306, 9801), (1, 6150001), (2, 6275095), (3, 6400189), (137, 10443)]
Flow 1_247 -- 0.0 -- 325000.0 -- [(306, 9841), (1, 6175001), (2, 6300095), (3, 6425189), (137, 10483)]
Flow 1_248 -- 0.0 -- 325000.0 -- [(306, 9881), (1, 6200001), (2, 6325095), (3, 6450189), (137, 10523)]
Flow 1_249 -- 0.0 -- 325000.0 -- [(306, 9921), (1, 6225001), (2, 6350095), (3, 6475189), (137, 10563)]
Flow 1_250 -- 0.0 -- 325000.0 -- [(306, 9961), (1, 6250001), (2, 6375095), (3, 6500189), (137, 10603)]
Flow 1_251 -- 0.0 -- 325000.0 -- [(306, 10001), (1, 6275001), (2, 6400095), (3, 6525189), (137, 10643)]
Flow 1_252 -- 0.0 -- 325000.0 -- [(306, 10041), (1, 6300001), (2, 6425095), (3, 6550189), (137, 10683)]
Flow 1_253 -- 0.0 -- 325000.0 -- [(306, 10081), (1, 6325001), (2, 6450095), (3, 6575189), (137, 10723)]
Flow 1_254 -- 0.0 -- 325000.0 -- [(306, 10121), (1, 6350001), (2, 6475095), (3, 6600189), (137, 10763)]
Flow 1_255 -- 0.0 -- 325000.0 -- [(306, 10161), (1, 6375001), (2, 6500095), (3, 6625189), (137, 10803)]
Flow 1_256 -- 0.0 -- 325000.0 -- [(306, 10201), (1, 6400001), (2, 6525095), (3, 6650189), (137, 10843)]
Flow 1_257 -- 0.0 -- 325000.0 -- [(306, 10241), (1, 6425001), (2, 6550095), (3, 6675189), (137, 10883)]
Flow 1_258 -- 0.0 -- 325000.0 -- [(306, 10281), (1, 6450001), (2, 6575095), (3, 6700189), (137, 10923)]
Flow 1_259 -- 0.0 -- 325000.0 -- [(306, 10321), (1, 6475001), (2, 6600095), (3, 6725189), (137, 10963)]
Flow 1_260 -- 0.0 -- 325000.0 -- [(306, 10361), (1, 6500001), (2, 6625095), (3, 6750189), (137, 11003)]
Flow 1_261 -- 0.0 -- 325000.0 -- [(306, 10401), (1, 6525001), (2, 6650095), (3, 6775189), (137, 11043)]
Flow 1_262 -- 0.0 -- 325000.0 -- [(306, 10441), (1, 6550001), (2, 6675095), (3, 6800189), (137, 11083)]
Flow 1_263 -- 0.0 -- 325000.0 -- [(306, 10481), (1, 6575001), (2, 6700095), (3, 6825189), (137, 11123)]
Flow 1_264 -- 0.0 -- 325000.0 -- [(306, 10521), (1, 6600001), (2, 6725095), (3, 6850189), (137, 11163)]
Flow 1_265 -- 0.0 -- 325000.0 -- [(306, 10561), (1, 6625001), (2, 6750095), (3, 6875189), (137, 11203)]
Flow 1_266 -- 0.0 -- 325000.0 -- [(306, 10601), (1, 6650001), (2, 6775095), (3, 6900189), (137, 11243)]
Flow 1_267 -- 0.0 -- 325000.0 -- [(306, 10641), (1, 6675001), (2, 6800095), (3, 6925189), (137, 11283)]
Flow 1_268 -- 0.0 -- 325000.0 -- [(306, 10681), (1, 6700001), (2, 6825095), (3, 6950189), (137, 11323)]
Flow 1_269 -- 0.0 -- 325000.0 -- [(306, 10721), (1, 6725001), (2, 6850095), (3, 6975189), (137, 11363)]
Flow 1_270 -- 0.0 -- 325000.0 -- [(306, 10761), (1, 6750001), (2, 6875095), (3, 7000189), (137, 11403)]
Flow 1_271 -- 0.0 -- 325000.0 -- [(306, 10801), (1, 6775001), (2, 6900095), (3, 7025189), (137, 11443)]
Flow 1_272 -- 0.0 -- 325000.0 -- [(306, 10841), (1, 6800001), (2, 6925095), (3, 7050189), (137, 11483)]
Flow 1_273 -- 0.0 -- 325000.0 -- [(306, 10881), (1, 6825001), (2, 6950095), (3, 7075189), (137, 11523)]
Flow 1_274 -- 0.0 -- 325000.0 -- [(306, 10921), (1, 6850001), (2, 6975095), (3, 7100189), (137, 11563)]
Flow 1_275 -- 0.0 -- 325000.0 -- [(306, 10961), (1, 6875001), (2, 7000095), (3, 7125189), (137, 11603)]
Flow 1_276 -- 0.0 -- 325000.0 -- [(306, 11001), (1, 6900001), (2, 7025095), (3, 7150189), (137, 11643)]
Flow 1_277 -- 0.0 -- 325000.0 -- [(306, 11041), (1, 6925001), (2, 7050095), (3, 7175189), (137, 11683)]
Flow 1_278 -- 0.0 -- 325000.0 -- [(306, 11081), (1, 6950001), (2, 7075095), (3, 7200189), (137, 11723)]
Flow 1_279 -- 0.0 -- 325000.0 -- [(306, 11121), (1, 6975001), (2, 7100095), (3, 7225189), (137, 11763)]
Flow 1_280 -- 0.0 -- 325000.0 -- [(306, 11161), (1, 7000001), (2, 7125095), (3, 7250189), (137, 11803)]
Flow 1_281 -- 0.0 -- 325000.0 -- [(306, 11201), (1, 7025001), (2, 7150095), (3, 7275189), (137, 11843)]
Flow 1_282 -- 0.0 -- 325000.0 -- [(306, 11241), (1, 7050001), (2, 7175095), (3, 7300189), (137, 11883)]
Flow 1_283 -- 0.0 -- 325000.0 -- [(306, 11281), (1, 7075001), (2, 7200095), (3, 7325189), (137, 11923)]
Flow 1_284 -- 0.0 -- 325000.0 -- [(306, 11321), (1, 7100001), (2, 7225095), (3, 7350189), (137, 11963)]
Flow 1_285 -- 0.0 -- 325000.0 -- [(306, 11361), (1, 7125001), (2, 7250095), (3, 7375189), (137, 12003)]
Flow 1_286 -- 0.0 -- 325000.0 -- [(306, 11401), (1, 7150001), (2, 7275095), (3, 7400189), (137, 12043)]
Flow 1_287 -- 0.0 -- 325000.0 -- [(306, 11441), (1, 7175001), (2, 7300095), (3, 7425189), (137, 12083)]
Flow 1_288 -- 0.0 -- 325000.0 -- [(306, 11481), (1, 7200001), (2, 7325095), (3, 7450189), (137, 12123)]
Flow 1_289 -- 0.0 -- 325000.0 -- [(306, 11521), (1, 7225001), (2, 7350095), (3, 7475189), (137, 12163)]
Flow 1_290 -- 0.0 -- 325000.0 -- [(306, 11561), (1, 7250001), (2, 7375095), (3, 7500189), (137, 12203)]
Flow 1_291 -- 0.0 -- 325000.0 -- [(306, 11601), (1, 7275001), (2, 7400095), (3, 7525189), (137, 12243)]
Flow 1_292 -- 0.0 -- 325000.0 -- [(306, 11641), (1, 7300001), (2, 7425095), (3, 7550189), (137, 12283)]
Flow 1_293 -- 0.0 -- 325000.0 -- [(306, 11681), (1, 7325001), (2, 7450095), (3, 7575189), (137, 12323)]
Flow 1_294 -- 0.0 -- 325000.0 -- [(306, 11721), (1, 7350001), (2, 7475095), (3, 7600189), (137, 12363)]
Flow 1_295 -- 0.0 -- 325000.0 -- [(306, 11761), (1, 7375001), (2, 7500095), (3, 7625189), (137, 12403)]
Flow 1_296 -- 0.0 -- 325000.0 -- [(306, 11801), (1, 7400001), (2, 7525095), (3, 7650189), (137, 12443)]
Flow 1_297 -- 0.0 -- 325000.0 -- [(306, 11841), (1, 7425001), (2, 7550095), (3, 7675189), (137, 12483)]
Flow 1_298 -- 0.0 -- 325000.0 -- [(306, 11881), (1, 7450001), (2, 7575095), (3, 7700189), (137, 12523)]
Flow 1_299 -- 0.0 -- 325000.0 -- [(306, 11921), (1, 7475001), (2, 7600095), (3, 7725189), (137, 12563)]
Flow 1_300 -- 0.0 -- 325000.0 -- [(306, 11961), (1, 7500001), (2, 7625095), (3, 7750189), (137, 12603)]
Flow 1_301 -- 0.0 -- 325000.0 -- [(306, 12001), (1, 7525001), (2, 7650095), (3, 7775189), (137, 12643)]
Flow 1_302 -- 0.0 -- 325000.0 -- [(306, 12041), (1, 7550001), (2, 7675095), (3, 7800189), (137, 12683)]
Flow 1_303 -- 0.0 -- 325000.0 -- [(306, 12081), (1, 7575001), (2, 7700095), (3, 7825189), (137, 12723)]
Flow 1_304 -- 0.0 -- 325000.0 -- [(306, 12121), (1, 7600001), (2, 7725095), (3, 7850189), (137, 12763)]
Flow 1_305 -- 0.0 -- 325000.0 -- [(306, 12161), (1, 7625001), (2, 7750095), (3, 7875189), (137, 12803)]
Flow 1_306 -- 0.0 -- 325000.0 -- [(306, 12201), (1, 7650001), (2, 7775095), (3, 7900189), (137, 12843)]
Flow 1_307 -- 0.0 -- 325000.0 -- [(306, 12241), (1, 7675001), (2, 7800095), (3, 7925189), (137, 12883)]
Flow 1_308 -- 0.0 -- 325000.0 -- [(306, 12281), (1, 7700001), (2, 7825095), (3, 7950189), (137, 12923)]
Flow 1_309 -- 0.0 -- 325000.0 -- [(306, 12321), (1, 7725001), (2, 7850095), (3, 7975189), (137, 12963)]
Flow 1_310 -- 0.0 -- 325000.0 -- [(306, 12361), (1, 7750001), (2, 7875095), (3, 8000189), (137, 13003)]
Flow 1_311 -- 0.0 -- 325000.0 -- [(306, 12401), (1, 7775001), (2, 7900095), (3, 8025189), (137, 13043)]
Flow 1_312 -- 0.0 -- 325000.0 -- [(306, 12441), (1, 7800001), (2, 7925095), (3, 8050189), (137, 13083)]
Flow 1_313 -- 0.0 -- 325000.0 -- [(306, 12481), (1, 7825001), (2, 7950095), (3, 8075189), (137, 13123)]
Flow 1_314 -- 0.0 -- 325000.0 -- [(306, 12521), (1, 7850001), (2, 7975095), (3, 8100189), (137, 13163)]
Flow 1_315 -- 0.0 -- 325000.0 -- [(306, 12561), (1, 7875001), (2, 8000095), (3, 8125189), (137, 13203)]
Flow 1_316 -- 0.0 -- 325000.0 -- [(306, 12601), (1, 7900001), (2, 8025095), (3, 8150189), (137, 13243)]
Flow 1_317 -- 0.0 -- 325000.0 -- [(306, 12641), (1, 7925001), (2, 8050095), (3, 8175189), (137, 13283)]
Flow 1_318 -- 0.0 -- 325000.0 -- [(306, 12681), (1, 7950001), (2, 8075095), (3, 8200189), (137, 13323)]
Flow 1_319 -- 0.0 -- 325000.0 -- [(306, 12721), (1, 7975001), (2, 8100095), (3, 8225189), (137, 13363)]
Flow 1_320 -- 0.0 -- 325000.0 -- [(306, 12761), (1, 8000001), (2, 8125095), (3, 8250189), (137, 13403)]
Flow 1_321 -- 0.0 -- 325000.0 -- [(306, 12801), (1, 8025001), (2, 8150095), (3, 8275189), (137, 13443)]
Flow 1_322 -- 0.0 -- 325000.0 -- [(306, 12841), (1, 8050001), (2, 8175095), (3, 8300189), (137, 13483)]
Flow 1_323 -- 0.0 -- 325000.0 -- [(306, 12881), (1, 8075001), (2, 8200095), (3, 8325189), (137, 13523)]
Flow 1_324 -- 0.0 -- 325000.0 -- [(306, 12921), (1, 8100001), (2, 8225095), (3, 8350189), (137, 13563)]
Flow 1_325 -- 0.0 -- 325000.0 -- [(306, 12961), (1, 8125001), (2, 8250095), (3, 8375189), (137, 13603)]
Flow 1_326 -- 0.0 -- 325000.0 -- [(306, 13001), (1, 8150001), (2, 8275095), (3, 8400189), (137, 13643)]
Flow 1_327 -- 0.0 -- 325000.0 -- [(306, 13041), (1, 8175001), (2, 8300095), (3, 8425189), (137, 13683)]
Flow 1_328 -- 0.0 -- 325000.0 -- [(306, 13081), (1, 8200001), (2, 8325095), (3, 8450189), (137, 13723)]
Flow 1_329 -- 0.0 -- 325000.0 -- [(306, 13121), (1, 8225001), (2, 8350095), (3, 8475189), (137, 13763)]
Flow 1_330 -- 0.0 -- 325000.0 -- [(306, 13161), (1, 8250001), (2, 8375095), (3, 8500189), (137, 13803)]
Flow 1_331 -- 0.0 -- 325000.0 -- [(306, 13201), (1, 8275001), (2, 8400095), (3, 8525189), (137, 13843)]
Flow 1_332 -- 0.0 -- 325000.0 -- [(306, 13241), (1, 8300001), (2, 8425095), (3, 8550189), (137, 13883)]
Flow 1_333 -- 0.0 -- 325000.0 -- [(306, 13281), (1, 8325001), (2, 8450095), (3, 8575189), (137, 13923)]
Flow 1_334 -- 0.0 -- 325000.0 -- [(306, 13321), (1, 8350001), (2, 8475095), (3, 8600189), (137, 13963)]
Flow 1_335 -- 0.0 -- 325000.0 -- [(306, 13361), (1, 8375001), (2, 8500095), (3, 8625189), (137, 14003)]
Flow 1_336 -- 0.0 -- 325000.0 -- [(306, 13401), (1, 8400001), (2, 8525095), (3, 8650189), (137, 14043)]
Flow 1_337 -- 0.0 -- 325000.0 -- [(306, 13441), (1, 8425001), (2, 8550095), (3, 8675189), (137, 14083)]
Flow 1_338 -- 0.0 -- 325000.0 -- [(306, 13481), (1, 8450001), (2, 8575095), (3, 8700189), (137, 14123)]
Flow 1_339 -- 0.0 -- 325000.0 -- [(306, 13521), (1, 8475001), (2, 8600095), (3, 8725189), (137, 14163)]
Flow 1_340 -- 0.0 -- 325000.0 -- [(306, 13561), (1, 8500001), (2, 8625095), (3, 8750189), (137, 14203)]
Flow 1_341 -- 0.0 -- 325000.0 -- [(306, 13601), (1, 8525001), (2, 8650095), (3, 8775189), (137, 14243)]
Flow 1_342 -- 0.0 -- 325000.0 -- [(306, 13641), (1, 8550001), (2, 8675095), (3, 8800189), (137, 14283)]
Flow 1_343 -- 0.0 -- 325000.0 -- [(306, 13681), (1, 8575001), (2, 8700095), (3, 8825189), (137, 14323)]
Flow 1_344 -- 0.0 -- 325000.0 -- [(306, 13721), (1, 8600001), (2, 8725095), (3, 8850189), (137, 14363)]
Flow 1_345 -- 0.0 -- 325000.0 -- [(306, 13761), (1, 8625001), (2, 8750095), (3, 8875189), (137, 14403)]
Flow 1_346 -- 0.0 -- 325000.0 -- [(306, 13801), (1, 8650001), (2, 8775095), (3, 8900189), (137, 14443)]
Flow 1_347 -- 0.0 -- 325000.0 -- [(306, 13841), (1, 8675001), (2, 8800095), (3, 8925189), (137, 14483)]
Flow 1_348 -- 0.0 -- 325000.0 -- [(306, 13881), (1, 8700001), (2, 8825095), (3, 8950189), (137, 14523)]
Flow 1_349 -- 0.0 -- 325000.0 -- [(306, 13921), (1, 8725001), (2, 8850095), (3, 8975189), (137, 14563)]
Flow 1_350 -- 0.0 -- 325000.0 -- [(306, 13961), (1, 8750001), (2, 8875095), (3, 9000189), (137, 14603)]
Flow 1_351 -- 0.0 -- 325000.0 -- [(306, 14001), (1, 8775001), (2, 8900095), (3, 9025189), (137, 14643)]
Flow 1_352 -- 0.0 -- 325000.0 -- [(306, 14041), (1, 8800001), (2, 8925095), (3, 9050189), (137, 14683)]
Flow 1_353 -- 0.0 -- 325000.0 -- [(306, 14081), (1, 8825001), (2, 8950095), (3, 9075189), (137, 14723)]
Flow 1_354 -- 0.0 -- 325000.0 -- [(306, 14121), (1, 8850001), (2, 8975095), (3, 9100189), (137, 14763)]
Flow 1_355 -- 0.0 -- 325000.0 -- [(306, 14161), (1, 8875001), (2, 9000095), (3, 9125189), (137, 14803)]
Flow 1_356 -- 0.0 -- 325000.0 -- [(306, 14201), (1, 8900001), (2, 9025095), (3, 9150189), (137, 14843)]
Flow 1_357 -- 0.0 -- 325000.0 -- [(306, 14241), (1, 8925001), (2, 9050095), (3, 9175189), (137, 14883)]
Flow 1_358 -- 0.0 -- 325000.0 -- [(306, 14281), (1, 8950001), (2, 9075095), (3, 9200189), (137, 14923)]
Flow 1_359 -- 0.0 -- 325000.0 -- [(306, 14321), (1, 8975001), (2, 9100095), (3, 9225189), (137, 14963)]
Flow 1_360 -- 0.0 -- 325000.0 -- [(306, 14361), (1, 9000001), (2, 9125095), (3, 9250189), (137, 15003)]
Flow 1_361 -- 0.0 -- 325000.0 -- [(306, 14401), (1, 9025001), (2, 9150095), (3, 9275189), (137, 15043)]
Flow 1_362 -- 0.0 -- 325000.0 -- [(306, 14441), (1, 9050001), (2, 9175095), (3, 9300189), (137, 15083)]
Flow 1_363 -- 0.0 -- 325000.0 -- [(306, 14481), (1, 9075001), (2, 9200095), (3, 9325189), (137, 15123)]
Flow 1_364 -- 0.0 -- 325000.0 -- [(306, 14521), (1, 9100001), (2, 9225095), (3, 9350189), (137, 15163)]
Flow 1_365 -- 0.0 -- 325000.0 -- [(306, 14561), (1, 9125001), (2, 9250095), (3, 9375189), (137, 15203)]
Flow 1_366 -- 0.0 -- 325000.0 -- [(306, 14601), (1, 9150001), (2, 9275095), (3, 9400189), (137, 15243)]
Flow 1_367 -- 0.0 -- 325000.0 -- [(306, 14641), (1, 9175001), (2, 9300095), (3, 9425189), (137, 15283)]
Flow 1_368 -- 0.0 -- 325000.0 -- [(306, 14681), (1, 9200001), (2, 9325095), (3, 9450189), (137, 15323)]
Flow 1_369 -- 0.0 -- 325000.0 -- [(306, 14721), (1, 9225001), (2, 9350095), (3, 9475189), (137, 15363)]
Flow 1_370 -- 0.0 -- 325000.0 -- [(306, 14761), (1, 9250001), (2, 9375095), (3, 9500189), (137, 15403)]
Flow 1_371 -- 0.0 -- 325000.0 -- [(306, 14801), (1, 9275001), (2, 9400095), (3, 9525189), (137, 15443)]
Flow 1_372 -- 0.0 -- 325000.0 -- [(306, 14841), (1, 9300001), (2, 9425095), (3, 9550189), (137, 15483)]
Flow 1_373 -- 0.0 -- 325000.0 -- [(306, 14881), (1, 9325001), (2, 9450095), (3, 9575189), (137, 15523)]
Flow 1_374 -- 0.0 -- 325000.0 -- [(306, 14921), (1, 9350001), (2, 9475095), (3, 9600189), (137, 15563)]
Flow 1_375 -- 0.0 -- 325000.0 -- [(306, 14961), (1, 9375001), (2, 9500095), (3, 9625189), (137, 15603)]
Flow 1_376 -- 0.0 -- 325000.0 -- [(306, 15001), (1, 9400001), (2, 9525095), (3, 9650189), (137, 15643)]
Flow 1_377 -- 0.0 -- 325000.0 -- [(306, 15041), (1, 9425001), (2, 9550095), (3, 9675189), (137, 15683)]
Flow 1_378 -- 0.0 -- 325000.0 -- [(306, 15081), (1, 9450001), (2, 9575095), (3, 9700189), (137, 15723)]
Flow 1_379 -- 0.0 -- 325000.0 -- [(306, 15121), (1, 9475001), (2, 9600095), (3, 9725189), (137, 15763)]
Flow 1_380 -- 0.0 -- 325000.0 -- [(306, 15161), (1, 9500001), (2, 9625095), (3, 9750189), (137, 15803)]
Flow 1_381 -- 0.0 -- 325000.0 -- [(306, 15201), (1, 9525001), (2, 9650095), (3, 9775189), (137, 15843)]
Flow 1_382 -- 0.0 -- 325000.0 -- [(306, 15241), (1, 9550001), (2, 9675095), (3, 9800189), (137, 15883)]
Flow 1_383 -- 0.0 -- 325000.0 -- [(306, 15281), (1, 9575001), (2, 9700095), (3, 9825189), (137, 15923)]
Flow 1_384 -- 0.0 -- 325000.0 -- [(306, 15321), (1, 9600001), (2, 9725095), (3, 9850189), (137, 15963)]
Flow 1_385 -- 0.0 -- 325000.0 -- [(306, 15361), (1, 9625001), (2, 9750095), (3, 9875189), (137, 16003)]
Flow 1_386 -- 0.0 -- 325000.0 -- [(306, 15401), (1, 9650001), (2, 9775095), (3, 9900189), (137, 16043)]
Flow 1_387 -- 0.0 -- 325000.0 -- [(306, 15441), (1, 9675001), (2, 9800095), (3, 9925189), (137, 16083)]
Flow 1_388 -- 0.0 -- 325000.0 -- [(306, 15481), (1, 9700001), (2, 9825095), (3, 9950189), (137, 16123)]
Flow 1_389 -- 0.0 -- 325000.0 -- [(306, 15521), (1, 9725001), (2, 9850095), (3, 9975189), (137, 16163)]
Flow 1_390 -- 0.0 -- 325000.0 -- [(306, 15561), (1, 9750001), (2, 9875095), (3, 10000189), (137, 16203)]
Flow 1_391 -- 0.0 -- 325000.0 -- [(306, 15601), (1, 9775001), (2, 9900095), (3, 10025189), (137, 16243)]
Flow 1_392 -- 0.0 -- 325000.0 -- [(306, 15641), (1, 9800001), (2, 9925095), (3, 10050189), (137, 16283)]
Flow 1_393 -- 0.0 -- 325000.0 -- [(306, 15681), (1, 9825001), (2, 9950095), (3, 10075189), (137, 16323)]
Flow 1_394 -- 0.0 -- 325000.0 -- [(306, 15721), (1, 9850001), (2, 9975095), (3, 10100189), (137, 16363)]
Flow 1_395 -- 0.0 -- 325000.0 -- [(306, 15761), (1, 9875001), (2, 10000095), (3, 10125189), (137, 16403)]
Flow 1_396 -- 0.0 -- 325000.0 -- [(306, 15801), (1, 9900001), (2, 10025095), (3, 10150189), (137, 16443)]
Flow 1_397 -- 0.0 -- 325000.0 -- [(306, 15841), (1, 9925001), (2, 10050095), (3, 10175189), (137, 16483)]
Flow 1_398 -- 0.0 -- 325000.0 -- [(306, 15881), (1, 9950001), (2, 10075095), (3, 10200189), (137, 16523)]
Flow 1_399 -- 0.0 -- 325000.0 -- [(306, 15921), (1, 9975001), (2, 10100095), (3, 10225189), (137, 16563)]
Flow 1_400 -- 0.0 -- 325000.0 -- [(306, 15961), (1, 10000001), (2, 10125095), (3, 10250189), (137, 16603)]
Flow 1_401 -- 0.0 -- 325000.0 -- [(306, 16001), (1, 10025001), (2, 10150095), (3, 10275189), (137, 16643)]
Flow 1_402 -- 0.0 -- 325000.0 -- [(306, 16041), (1, 10050001), (2, 10175095), (3, 10300189), (137, 16683)]
Flow 1_403 -- 0.0 -- 325000.0 -- [(306, 16081), (1, 10075001), (2, 10200095), (3, 10325189), (137, 16723)]
Flow 1_404 -- 0.0 -- 325000.0 -- [(306, 16121), (1, 10100001), (2, 10225095), (3, 10350189), (137, 16763)]
Flow 1_405 -- 0.0 -- 325000.0 -- [(306, 16161), (1, 10125001), (2, 10250095), (3, 10375189), (137, 16803)]
Flow 1_406 -- 0.0 -- 325000.0 -- [(306, 16201), (1, 10150001), (2, 10275095), (3, 10400189), (137, 16843)]
Flow 1_407 -- 0.0 -- 325000.0 -- [(306, 16241), (1, 10175001), (2, 10300095), (3, 10425189), (137, 16883)]
Flow 1_408 -- 0.0 -- 325000.0 -- [(306, 16281), (1, 10200001), (2, 10325095), (3, 10450189), (137, 16923)]
Flow 1_409 -- 0.0 -- 325000.0 -- [(306, 16321), (1, 10225001), (2, 10350095), (3, 10475189), (137, 16963)]
Flow 1_410 -- 0.0 -- 325000.0 -- [(306, 16361), (1, 10250001), (2, 10375095), (3, 10500189), (137, 17003)]
Flow 1_411 -- 0.0 -- 325000.0 -- [(306, 16401), (1, 10275001), (2, 10400095), (3, 10525189), (137, 17043)]
Flow 1_412 -- 0.0 -- 325000.0 -- [(306, 16441), (1, 10300001), (2, 10425095), (3, 10550189), (137, 17083)]
Flow 1_413 -- 0.0 -- 325000.0 -- [(306, 16481), (1, 10325001), (2, 10450095), (3, 10575189), (137, 17123)]
Flow 1_414 -- 0.0 -- 325000.0 -- [(306, 16521), (1, 10350001), (2, 10475095), (3, 10600189), (137, 17163)]
Flow 1_415 -- 0.0 -- 325000.0 -- [(306, 16561), (1, 10375001), (2, 10500095), (3, 10625189), (137, 17203)]
Flow 1_416 -- 0.0 -- 325000.0 -- [(306, 16601), (1, 10400001), (2, 10525095), (3, 10650189), (137, 17243)]
Flow 1_417 -- 0.0 -- 325000.0 -- [(306, 16641), (1, 10425001), (2, 10550095), (3, 10675189), (137, 17283)]
Flow 1_418 -- 0.0 -- 325000.0 -- [(306, 16681), (1, 10450001), (2, 10575095), (3, 10700189), (137, 17323)]
Flow 1_419 -- 0.0 -- 325000.0 -- [(306, 16721), (1, 10475001), (2, 10600095), (3, 10725189), (137, 17363)]
Flow 1_420 -- 0.0 -- 325000.0 -- [(306, 16761), (1, 10500001), (2, 10625095), (3, 10750189), (137, 17403)]
Flow 1_421 -- 0.0 -- 325000.0 -- [(306, 16801), (1, 10525001), (2, 10650095), (3, 10775189), (137, 17443)]
Flow 1_422 -- 0.0 -- 325000.0 -- [(306, 16841), (1, 10550001), (2, 10675095), (3, 10800189), (137, 17483)]
Flow 1_423 -- 0.0 -- 325000.0 -- [(306, 16881), (1, 10575001), (2, 10700095), (3, 10825189), (137, 17523)]
Flow 1_424 -- 0.0 -- 325000.0 -- [(306, 16921), (1, 10600001), (2, 10725095), (3, 10850189), (137, 17563)]
Flow 1_425 -- 0.0 -- 325000.0 -- [(306, 16961), (1, 10625001), (2, 10750095), (3, 10875189), (137, 17603)]
Flow 1_426 -- 0.0 -- 325000.0 -- [(306, 17001), (1, 10650001), (2, 10775095), (3, 10900189), (137, 17643)]
Flow 1_427 -- 0.0 -- 325000.0 -- [(306, 17041), (1, 10675001), (2, 10800095), (3, 10925189), (137, 17683)]
Flow 1_428 -- 0.0 -- 325000.0 -- [(306, 17081), (1, 10700001), (2, 10825095), (3, 10950189), (137, 17723)]
Flow 1_429 -- 0.0 -- 325000.0 -- [(306, 17121), (1, 10725001), (2, 10850095), (3, 10975189), (137, 17763)]
Flow 1_430 -- 0.0 -- 325000.0 -- [(306, 17161), (1, 10750001), (2, 10875095), (3, 11000189), (137, 17803)]
Flow 1_431 -- 0.0 -- 325000.0 -- [(306, 17201), (1, 10775001), (2, 10900095), (3, 11025189), (137, 17843)]
Flow 1_432 -- 0.0 -- 325000.0 -- [(306, 17241), (1, 10800001), (2, 10925095), (3, 11050189), (137, 17883)]
Flow 1_433 -- 0.0 -- 325000.0 -- [(306, 17281), (1, 10825001), (2, 10950095), (3, 11075189), (137, 17923)]
Flow 1_434 -- 0.0 -- 325000.0 -- [(306, 17321), (1, 10850001), (2, 10975095), (3, 11100189), (137, 17963)]
Flow 1_435 -- 0.0 -- 325000.0 -- [(306, 17361), (1, 10875001), (2, 11000095), (3, 11125189), (137, 18003)]
Flow 1_436 -- 0.0 -- 325000.0 -- [(306, 17401), (1, 10900001), (2, 11025095), (3, 11150189), (137, 18043)]
Flow 1_437 -- 0.0 -- 325000.0 -- [(306, 17441), (1, 10925001), (2, 11050095), (3, 11175189), (137, 18083)]
Flow 1_438 -- 0.0 -- 325000.0 -- [(306, 17481), (1, 10950001), (2, 11075095), (3, 11200189), (137, 18123)]
Flow 1_439 -- 0.0 -- 325000.0 -- [(306, 17521), (1, 10975001), (2, 11100095), (3, 11225189), (137, 18163)]
Flow 1_440 -- 0.0 -- 325000.0 -- [(306, 17561), (1, 11000001), (2, 11125095), (3, 11250189), (137, 18203)]
Flow 1_441 -- 0.0 -- 325000.0 -- [(306, 17601), (1, 11025001), (2, 11150095), (3, 11275189), (137, 18243)]
Flow 1_442 -- 0.0 -- 325000.0 -- [(306, 17641), (1, 11050001), (2, 11175095), (3, 11300189), (137, 18283)]
Flow 1_443 -- 0.0 -- 325000.0 -- [(306, 17681), (1, 11075001), (2, 11200095), (3, 11325189), (137, 18323)]
Flow 1_444 -- 0.0 -- 325000.0 -- [(306, 17721), (1, 11100001), (2, 11225095), (3, 11350189), (137, 18363)]
Flow 1_445 -- 0.0 -- 325000.0 -- [(306, 17761), (1, 11125001), (2, 11250095), (3, 11375189), (137, 18403)]
Flow 1_446 -- 0.0 -- 325000.0 -- [(306, 17801), (1, 11150001), (2, 11275095), (3, 11400189), (137, 18443)]
Flow 1_447 -- 0.0 -- 325000.0 -- [(306, 17841), (1, 11175001), (2, 11300095), (3, 11425189), (137, 18483)]
Flow 1_448 -- 0.0 -- 325000.0 -- [(306, 17881), (1, 11200001), (2, 11325095), (3, 11450189), (137, 18523)]
Flow 1_449 -- 0.0 -- 325000.0 -- [(306, 17921), (1, 11225001), (2, 11350095), (3, 11475189), (137, 18563)]
Flow 1_450 -- 0.0 -- 325000.0 -- [(306, 17961), (1, 11250001), (2, 11375095), (3, 11500189), (137, 18603)]
Flow 1_451 -- 0.0 -- 325000.0 -- [(306, 18001), (1, 11275001), (2, 11400095), (3, 11525189), (137, 18643)]
Flow 1_452 -- 0.0 -- 325000.0 -- [(306, 18041), (1, 11300001), (2, 11425095), (3, 11550189), (137, 18683)]
Flow 1_453 -- 0.0 -- 325000.0 -- [(306, 18081), (1, 11325001), (2, 11450095), (3, 11575189), (137, 18723)]
Flow 1_454 -- 0.0 -- 325000.0 -- [(306, 18121), (1, 11350001), (2, 11475095), (3, 11600189), (137, 18763)]
Flow 1_455 -- 0.0 -- 325000.0 -- [(306, 18161), (1, 11375001), (2, 11500095), (3, 11625189), (137, 18803)]
Flow 1_456 -- 0.0 -- 325000.0 -- [(306, 18201), (1, 11400001), (2, 11525095), (3, 11650189), (137, 18843)]
Flow 1_457 -- 0.0 -- 325000.0 -- [(306, 18241), (1, 11425001), (2, 11550095), (3, 11675189), (137, 18883)]
Flow 1_458 -- 0.0 -- 325000.0 -- [(306, 18281), (1, 11450001), (2, 11575095), (3, 11700189), (137, 18923)]
Flow 1_459 -- 0.0 -- 325000.0 -- [(306, 18321), (1, 11475001), (2, 11600095), (3, 11725189), (137, 18963)]
Flow 1_460 -- 0.0 -- 325000.0 -- [(306, 18361), (1, 11500001), (2, 11625095), (3, 11750189), (137, 19003)]
Flow 1_461 -- 0.0 -- 325000.0 -- [(306, 18401), (1, 11525001), (2, 11650095), (3, 11775189), (137, 19043)]
Flow 1_462 -- 0.0 -- 325000.0 -- [(306, 18441), (1, 11550001), (2, 11675095), (3, 11800189), (137, 19083)]
Flow 1_463 -- 0.0 -- 325000.0 -- [(306, 18481), (1, 11575001), (2, 11700095), (3, 11825189), (137, 19123)]
Flow 1_464 -- 0.0 -- 325000.0 -- [(306, 18521), (1, 11600001), (2, 11725095), (3, 11850189), (137, 19163)]
Flow 1_465 -- 0.0 -- 325000.0 -- [(306, 18561), (1, 11625001), (2, 11750095), (3, 11875189), (137, 19203)]
Flow 1_466 -- 0.0 -- 325000.0 -- [(306, 18601), (1, 11650001), (2, 11775095), (3, 11900189), (137, 19243)]
Flow 1_467 -- 0.0 -- 325000.0 -- [(306, 18641), (1, 11675001), (2, 11800095), (3, 11925189), (137, 19283)]
Flow 1_468 -- 0.0 -- 325000.0 -- [(306, 18681), (1, 11700001), (2, 11825095), (3, 11950189), (137, 19323)]
Flow 1_469 -- 0.0 -- 325000.0 -- [(306, 18721), (1, 11725001), (2, 11850095), (3, 11975189), (137, 19363)]
Flow 1_470 -- 0.0 -- 325000.0 -- [(306, 18761), (1, 11750001), (2, 11875095), (3, 12000189), (137, 19403)]
Flow 1_471 -- 0.0 -- 325000.0 -- [(306, 18801), (1, 11775001), (2, 11900095), (3, 12025189), (137, 19443)]
Flow 1_472 -- 0.0 -- 325000.0 -- [(306, 18841), (1, 11800001), (2, 11925095), (3, 12050189), (137, 19483)]
Flow 1_473 -- 0.0 -- 325000.0 -- [(306, 18881), (1, 11825001), (2, 11950095), (3, 12075189), (137, 19523)]
Flow 1_474 -- 0.0 -- 325000.0 -- [(306, 18921), (1, 11850001), (2, 11975095), (3, 12100189), (137, 19563)]
Flow 1_475 -- 0.0 -- 325000.0 -- [(306, 18961), (1, 11875001), (2, 12000095), (3, 12125189), (137, 19603)]
Flow 1_476 -- 0.0 -- 325000.0 -- [(306, 19001), (1, 11900001), (2, 12025095), (3, 12150189), (137, 19643)]
Flow 1_477 -- 0.0 -- 325000.0 -- [(306, 19041), (1, 11925001), (2, 12050095), (3, 12175189), (137, 19683)]
Flow 1_478 -- 0.0 -- 325000.0 -- [(306, 19081), (1, 11950001), (2, 12075095), (3, 12200189), (137, 19723)]
Flow 1_479 -- 0.0 -- 325000.0 -- [(306, 19121), (1, 11975001), (2, 12100095), (3, 12225189), (137, 19763)]
Flow 1_480 -- 0.0 -- 325000.0 -- [(306, 19161), (1, 12000001), (2, 12125095), (3, 12250189), (137, 19803)]
Flow 1_481 -- 0.0 -- 325000.0 -- [(306, 19201), (1, 12025001), (2, 12150095), (3, 12275189), (137, 19843)]
Flow 1_482 -- 0.0 -- 325000.0 -- [(306, 19241), (1, 12050001), (2, 12175095), (3, 12300189), (137, 19883)]
Flow 1_483 -- 0.0 -- 325000.0 -- [(306, 19281), (1, 12075001), (2, 12200095), (3, 12325189), (137, 19923)]
Flow 1_484 -- 0.0 -- 325000.0 -- [(306, 19321), (1, 12100001), (2, 12225095), (3, 12350189), (137, 19963)]
Flow 1_485 -- 1000.0 -- 324000.0 -- [(306, 19361), (1, 12125001), (2, 12250095), (3, 12375189), (137, 1)]
Flow 1_486 -- 4000.0 -- 320000.0 -- [(306, 19401), (1, 12150001), (2, 12275095), (3, 12400189), (137, 33)]
Flow 1_487 -- 4000.0 -- 316000.0 -- [(306, 19441), (1, 12175001), (2, 12300095), (3, 12425189), (137, 65)]
Flow 1_488 -- 4000.0 -- 312000.0 -- [(306, 19481), (1, 12200001), (2, 12325095), (3, 12450189), (137, 97)]
Flow 1_489 -- 4000.0 -- 308000.0 -- [(306, 19521), (1, 12225001), (2, 12350095), (3, 12475189), (137, 129)]
Flow 1_490 -- 0.0 -- 324500.0 -- [(306, 19561), (1, 12250001), (2, 12375095), (3, 1), (137, 202)]
Flow 1_491 -- 0.0 -- 320499.99999999924 -- [(306, 19601), (1, 12275001), (2, 12400095), (3, 95), (137, 234)]
Flow 1_492 -- 0.0 -- 316500.00000000035 -- [(306, 19641), (1, 12300001), (2, 12425095), (3, 189), (137, 266)]
Flow 1_493 -- 0.0 -- 312499.99999999965 -- [(306, 19681), (1, 12325001), (2, 12450095), (3, 283), (137, 298)]
Flow 1_494 -- 0.0 -- 308500.00000000076 -- [(306, 19721), (1, 12350001), (2, 12475095), (3, 377), (137, 330)]
Flow 1_495 -- 0.0 -- 325000.0 -- [(306, 19761), (1, 12375001), (2, 1), (3, 125095), (137, 403)]
Flow 1_496 -- 0.0 -- 320999.99999999924 -- [(306, 19801), (1, 12400001), (2, 95), (3, 125189), (137, 435)]
Flow 1_497 -- 0.0 -- 317000.00000000035 -- [(306, 19841), (1, 12425001), (2, 189), (3, 125283), (137, 467)]
Flow 1_498 -- 0.0 -- 312999.99999999965 -- [(306, 19881), (1, 12450001), (2, 283), (3, 125377), (137, 499)]
Flow 1_499 -- 0.0 -- 309000.00000000076 -- [(306, 19921), (1, 12475001), (2, 377), (3, 125471), (137, 531)]
Flow 1_500 -- 3000.0 -- 305000.0 -- [(306, 19961), (1, 1), (2, 471), (3, 125565), (137, 563)]
